07
91
89390500410024
0C
91
893938287782
00 
00
91602212943581
13
C8329BFD0629906945F38D0EB7DB653208



0791893905004100240C91893938287782 0000 9160423261548121C8329BFD5620D38AE61B1D6EB7CB649002F9BE83E86F10F90DA2A3D373
07 91 893905004100 24 0C 91 893938287782 00 08 91604232026281 4E 06330644062706450020068606370648063106CC0020000A0622064206270628062806CC064606450020062706480646002006280631064606270645064700200627064806A906CC00200634062F
06330644062706450020068606370648063106CC0020000A0622064206270628062806CC064606450020062706480646002006280631064606270645064700200627064806A906CC00200634062F